activity,user_name,activity_id,subreddit,time
comment,Stenlies,dsy49kn,icocrypto,1516408924.0
comment,Stenlies,dq7loz0,btc,1511390303.0
post,Stenlies,7l6eu8,u_Stenlies,1513823127.0
